000000    -1493.296252
000001    -711.571476
000002    -711.571476
000003    -711.571476
000004    -698.328529
000005    -698.328529
000006    -698.328529
000007    -698.328529
000008    -698.328529
000009    -45.574148
000010    -45.574148
000011    -45.574148
000012    -45.574148
000013    -45.574148
000014    -45.574148
000015    -45.574148
000016    -45.574148
000017    -45.574148
000018    -45.574148
000019    -45.574148
000020    -45.574148
000021    -45.574148
000022    -45.574148
000023    -45.574148
000024    -45.574148
000025    -45.574148
000026    -45.574148
000027    -45.574148
000028    -45.574148
000029    -45.574148
000030    -45.574148
000031    -45.574148
000032    -45.574148
000033    -45.574148
000034    -45.574148
000035    -45.574148
000036    -45.574148
000037    -45.574148
000038    -45.574148
000039    -45.574148
000040    -45.574148
000041    -45.574148
000042    -45.574148
000043    -45.574148
000044    -45.574148
000045    -45.574148
000046    -45.574148
000047    -45.574148
000048    -45.574148
000049    -45.574148
000050    -45.574148
000051    -45.574148
000052    -45.574148
000053    -45.574148
000054    -45.574148
000055    -45.574148
000056    -45.574148
000057    -45.574148
000058    -45.574148
000059    -45.574148
000060    -45.574148
000061    -45.574148
000062    -45.574148
000063    -45.574148
000064    -45.574148
000065    -45.574148
000066    -45.574148
000067    -45.574148
000068    -45.574148
000069    -45.574148
000070    -45.574148
000071    -45.574148
000072    -45.574148
000073    -45.574148
000074    -45.574148
000075    -45.574148
000076    -45.574148
000077    -45.574148
000078    -45.574148
000079    -45.574148
000080    -45.574148
000081    -45.574148
000082    -45.574148
000083    -45.574148
000084    -45.574148
000085    -45.574148
000086    -45.574148
000087    -45.574148
000088    -45.574148
000089    -45.574148
000090    -45.574148
000091    -45.574148
000092    -45.574148
000093    -45.574148
000094    -45.574148
000095    -45.574148
000096    -45.574148
000097    -45.574148
000098    -45.574148
000099    -45.574148
000100    -45.574148
000101    -45.574148
000102    -45.574148
000103    -45.574148
000104    -45.574148
000105    -45.574148
000106    -45.574148
000107    -45.574148
000108    -45.574148
000109    -45.574148
000110    -45.574148
000111    -45.574148
000112    -45.574148
000113    -45.574148
000114    -45.574148
000115    -45.574148
000116    -45.574148
000117    -45.574148
000118    -45.574148
000119    -45.574148
000120    -45.574148
000121    -45.574148
000122    -45.574148
000123    -45.574148
000124    -45.574148
000125    -45.574148
000126    -45.574148
000127    -45.574148
000128    -45.574148
000129    -45.574148
000130    -45.574148
000131    -45.574148
000132    -45.574148
000133    -45.574148
000134    -45.574148
000135    -45.574148
000136    -45.574148
000137    -45.574148
000138    -45.574148
000139    -45.574148
000140    -45.574148
000141    -45.574148
000142    -45.574148
000143    -45.574148
000144    -45.574148
000145    -45.574148
000146    -45.574148
000147    -45.574148
000148    -45.574148
000149    -45.574148
000150    -45.574148
000151    -45.574148
000152    -45.574148
000153    -45.574148
000154    -45.574148
000155    -45.574148
000156    -45.574148
000157    -45.574148
000158    -45.574148
000159    -45.574148
000160    -45.574148
000161    -45.574148
000162    -45.574148
000163    -45.574148
000164    -45.574148
000165    -45.574148
000166    -45.574148
000167    -45.574148
000168    -45.574148
000169    -45.574148
000170    -45.574148
000171    -45.574148
000172    -45.574148
000173    -45.574148
000174    -45.574148
000175    -45.574148
000176    -45.574148
000177    -45.574148
000178    -45.574148
000179    -45.574148
000180    -45.574148
000181    -45.574148
000182    -45.574148
000183    -45.574148
000184    -45.574148
000185    -45.574148
000186    -45.574148
000187    -45.574148
000188    -45.574148
000189    -45.574148
000190    -45.574148
000191    -45.574148
000192    -45.574148
000193    -45.574148
000194    -45.574148
000195    -45.574148
000196    -45.574148
000197    -45.574148
000198    -45.574148
000199    -45.574148
000200    -45.574148
000201    -45.574148
000202    -45.574148
000203    -45.574148
000204    -45.574148
000205    -45.574148
000206    -45.574148
000207    -45.574148
000208    -45.574148
000209    -45.574148
000210    -45.574148
000211    -45.574148
000212    -45.574148
000213    -45.574148
000214    -45.574148
000215    -45.574148
000216    -45.574148
000217    -45.574148
000218    -45.574148
000219    -45.574148
000220    -45.574148
000221    -45.574148
000222    -45.574148
000223    -45.574148
000224    -45.574148
000225    -45.574148
000226    -45.574148
000227    -45.574148
000228    -45.574148
000229    -45.574148
000230    -45.574148
000231    -45.574148
000232    -45.574148
000233    -45.574148
000234    -45.574148
000235    -45.574148
000236    -45.574148
000237    -45.574148
000238    -45.574148
000239    -45.574148
000240    -45.574148
000241    -45.574148
000242    -45.574148
000243    -45.574148
000244    -45.574148
000245    -45.574148
000246    -45.574148
000247    -45.574148
000248    -45.574148
000249    -45.574148
000250    -45.574148
000251    -45.574148
000252    -45.574148
000253    -45.574148
000254    -45.574148
000255    -45.574148
000256    -45.574148
000257    -45.574148
000258    -45.574148
000259    -45.574148
000260    -45.574148
000261    -45.574148
000262    -45.574148
000263    -45.574148
000264    -45.574148
000265    -45.574148
000266    -45.574148
000267    -45.574148
000268    -45.574148
000269    -45.574148
000270    -45.574148
000271    -45.574148
000272    -45.574148
000273    -45.574148
000274    -45.574148
000275    -45.574148
000276    -45.574148
000277    -45.574148
000278    -45.574148
000279    -45.574148
000280    -45.574148
000281    -45.574148
000282    -45.574148
000283    -45.574148
000284    -45.574148
000285    -45.574148
000286    -45.574148
000287    -45.574148
000288    -45.574148
000289    -45.574148
000290    -45.574148
000291    -45.574148
000292    -45.574148
000293    -45.574148
000294    -45.574148
000295    -45.574148
000296    -45.574148
000297    -45.574148
000298    -45.574148
000299    -45.574148
000300    -45.574148
000301    -45.574148
000302    -45.574148
000303    -45.574148
000304    -45.574148
000305    -45.574148
000306    -45.574148
000307    -45.574148
000308    -45.574148
000309    -45.574148
000310    -45.574148
000311    -45.574148
000312    -45.574148
000313    -45.574148
000314    -45.574148
000315    -45.574148
000316    -45.574148
000317    -45.574148
000318    -45.574148
000319    -45.574148
000320    -45.574148
000321    -45.574148
000322    -45.574148
000323    -45.574148
000324    -45.574148
000325    -45.574148
000326    -45.574148
000327    -45.574148
000328    -45.574148
000329    -45.574148
000330    -45.574148
000331    -45.574148
000332    -45.574148
000333    -45.574148
000334    -45.574148
000335    -45.574148
000336    -45.574148
000337    -45.574148
000338    -45.574148
000339    -45.574148
000340    -45.574148
000341    -45.574148
000342    -45.574148
000343    -45.574148
000344    -45.574148
000345    -45.574148
000346    -45.574148
000347    -45.574148
000348    -45.574148
000349    -45.574148
000350    -45.574148
000351    -45.574148
000352    -45.574148
000353    -45.574148
000354    -45.574148
000355    -45.574148
000356    -45.574148
000357    -45.574148
000358    -45.574148
000359    -45.574148
000360    -45.574148
000361    -45.574148
000362    -45.574148
000363    -45.574148
000364    -45.574148
000365    -45.574148
000366    -45.574148
000367    -45.574148
000368    -45.574148
000369    -45.574148
000370    -45.574148
000371    -45.574148
000372    -45.574148
000373    -45.574148
000374    -45.574148
000375    -45.574148
000376    -45.574148
000377    -45.574148
000378    -45.574148
000379    -45.574148
000380    -45.574148
000381    -45.574148
000382    -45.574148
000383    -45.574148
000384    -45.574148
000385    -45.574148
000386    -45.574148
000387    -45.574148
000388    -45.574148
000389    -45.574148
000390    -45.574148
000391    -45.574148
000392    -45.574148
000393    -45.574148
000394    -45.574148
000395    -45.574148
000396    -45.574148
000397    -45.574148
000398    -45.574148
000399    -45.574148
000400    -45.574148
000401    -45.574148
000402    -45.574148
000403    -45.574148
000404    -45.574148
000405    -45.574148
000406    -45.574148
000407    -45.574148
000408    -45.574148
000409    -45.574148
000410    -45.574148
000411    -45.574148
000412    -45.574148
000413    -45.574148
000414    -45.574148
000415    -45.574148
000416    -45.574148
000417    -45.574148
000418    -45.574148
000419    -45.574148
000420    -45.574148
000421    -45.574148
000422    -45.574148
000423    -45.574148
000424    -45.574148
000425    -45.574148
000426    -45.574148
000427    -45.574148
000428    -45.574148
000429    -45.574148
000430    -45.574148
000431    -45.574148
000432    -45.574148
000433    -45.574148
000434    -45.574148
000435    -45.574148
000436    -45.574148
000437    -45.574148
000438    -45.574148
000439    -45.574148
000440    -45.574148
000441    -45.574148
000442    -45.574148
000443    -45.574148
000444    -45.574148
000445    -45.574148
000446    -45.574148
000447    -45.574148
000448    -45.574148
000449    -45.574148
000450    -45.574148
000451    -45.574148
000452    -45.574148
000453    -45.574148
000454    -45.574148
000455    -45.574148
000456    -45.574148
000457    -45.574148
000458    -45.574148
000459    -45.574148
000460    -45.574148
000461    -45.574148
000462    -45.574148
000463    -45.574148
000464    -45.574148
000465    -45.574148
000466    -45.574148
000467    -45.574148
000468    -45.574148
000469    -45.574148
000470    -45.574148
000471    -45.574148
000472    -45.574148
000473    -45.574148
000474    -45.574148
000475    -45.574148
000476    -45.574148
000477    -45.574148
000478    -45.574148
000479    -45.574148
000480    -45.574148
000481    -45.574148
000482    -45.574148
000483    -45.574148
000484    -45.574148
000485    -45.574148
000486    -45.574148
000487    -45.574148
000488    -45.574148
000489    -45.574148
000490    -45.574148
000491    -45.574148
000492    -45.574148
000493    -45.574148
000494    -45.574148
000495    -45.574148
000496    -45.574148
000497    -45.574148
000498    -45.574148
000499    -45.574148
000500    -45.574148
000501    -45.574148
000502    -45.574148
000503    -45.574148
000504    -45.574148
000505    -45.574148
000506    -45.574148
000507    -45.574148
000508    -45.574148
000509    -45.574148
000510    -45.574148
000511    -45.574148
000512    -45.574148
000513    -45.574148
000514    -30.640087
000515    -30.640087
000516    -30.640087
000517    -30.640087
000518    -30.640087
000519    -30.640087
000520    -30.640087
000521    -30.640087
000522    -30.640087
000523    -30.640087
000524    -30.640087
000525    -30.640087
000526    -30.640087
000527    -30.640087
000528    -30.640087
000529    -30.640087
000530    -30.640087
000531    -30.640087
000532    -30.640087
000533    -30.640087
000534    -30.640087
000535    -30.640087
000536    -30.640087
000537    -30.640087
000538    -30.640087
000539    -30.640087
000540    -30.640087
000541    -30.640087
000542    -30.640087
000543    -30.640087
000544    -30.640087
000545    -30.640087
000546    -30.640087
000547    -30.640087
000548    -30.640087
000549    -30.640087
000550    -30.640087
000551    -30.640087
000552    -30.640087
000553    -30.640087
000554    -30.640087
000555    -30.640087
000556    -30.640087
000557    -30.640087
000558    -30.640087
000559    -30.640087
000560    -30.640087
000561     -8.994132
000562     -8.994132
000563     -8.994132
000564     -8.994132
000565     -8.994132
000566     -8.994132
000567     -8.994132
000568     -8.994132
000569     -8.994132
000570     -8.994132
000571     -8.994132
000572     -8.994132
000573     -8.994132
000574     -8.994132
000575     -8.994132
000576     -8.994132
000577     -8.994132
000578     -8.994132
000579     -8.994132
000580     -8.994132
000581     -8.994132
000582     -8.994132
000583     -8.994132
000584     -8.994132
000585     -8.994132
000586     -8.994132
000587     -8.994132
000588     -8.994132
000589     -8.994132
000590     -8.994132
000591     -8.994132
000592     -8.994132
000593     -8.994132
000594     -8.994132
000595     -8.994132
000596     -8.994132
000597     -8.994132
000598     -8.994132
000599     -8.994132
000600     -8.994132
000601     -8.994132
000602     -8.994132
000603     -8.994132
000604     -8.994132
000605     -8.994132
000606     -8.994132
000607     -8.994132
000608     -8.994132
000609     -8.994132
000610     -8.994132
000611     -8.994132
000612     -8.994132
000613     -8.994132
000614     -8.994132
000615     -8.994132
000616     -8.994132
000617     -8.994132
000618     -8.994132
000619     -8.994132
000620     -8.994132
000621     -8.994132
000622     -8.994132
000623     -8.994132
000624     -8.994132
000625     -8.994132
000626     -8.994132
000627     -8.994132
000628     -8.994132
000629     -8.994132
000630     -8.994132
000631     -8.994132
000632     -8.994132
000633     -8.994132
000634     -8.994132
000635     -8.994132
000636     -8.994132
000637     -8.994132
000638     -8.994132
000639     -8.994132
000640     -8.994132
000641     -8.994132
000642     -8.994132
000643     -8.994132
000644     -8.994132
000645     -8.994132
000646     -8.994132
000647     -8.994132
000648     -8.994132
000649     -8.994132
000650     -8.994132
000651     -8.994132
000652     -8.994132
000653     -8.994132
000654     -8.994132
000655     -8.994132
000656     -8.994132
000657     -8.994132
000658     -8.994132
000659     -8.994132
000660     -8.994132
000661     -8.994132
000662     -8.994132
000663     -8.994132
000664     -8.994132
000665     -8.994132
000666     -8.994132
000667     -8.994132
000668     -8.994132
000669     -8.994132
000670     -8.994132
000671     -8.994132
000672     -8.994132
000673     -8.994132
000674     -8.994132
000675     -8.994132
000676     -8.994132
000677     -8.994132
000678     -8.994132
000679     -8.994132
000680     -8.994132
000681     -8.994132
000682     -8.994132
000683     -8.994132
000684     -8.994132
000685     -8.994132
000686     -8.994132
000687     -8.994132
000688     -8.994132
000689     -8.994132
000690     -8.994132
000691     -8.994132
000692     -8.994132
000693     -8.994132
000694     -8.994132
000695     -8.994132
000696     -8.994132
000697     -8.994132
000698     -8.994132
000699     -8.994132
000700     -8.994132
000701     -8.994132
000702     -8.994132
000703     -8.994132
000704     -8.994132
000705     -8.994132
000706     -8.994132
000707     -8.994132
000708     -8.994132
000709     -8.994132
000710     -8.994132
000711     -8.994132
000712     -8.994132
000713     -8.994132
000714     -8.994132
000715     -8.994132
000716     -8.994132
000717     -8.994132
000718     -8.994132
000719     -8.994132
000720     -8.994132
000721     -8.994132
000722     -8.994132
000723     -8.994132
000724     -8.994132
000725     -8.994132
000726     -8.994132
000727     -8.994132
000728     -8.994132
000729     -8.994132
000730     -8.994132
000731     -8.994132
000732     -8.994132
000733     -8.994132
000734     -8.994132
000735     -8.994132
000736     -8.994132
000737     -8.994132
000738     -8.994132
000739     -8.994132
000740     -8.994132
000741     -8.994132
000742     -8.994132
000743     -8.994132
000744     -8.994132
000745     -8.994132
000746     -8.994132
000747     -8.994132
000748     -8.994132
000749     -8.994132
000750     -8.994132
000751     -8.994132
000752     -8.994132
000753     -8.994132
000754     -8.994132
000755     -8.994132
000756     -8.994132
000757     -8.994132
000758     -8.994132
000759     -8.994132
000760     -8.994132
000761     -8.994132
000762     -8.994132
000763     -8.994132
000764     -8.994132
000765     -8.994132
000766     -8.994132
000767     -8.994132
000768     -8.994132
000769     -8.994132
000770     -8.994132
000771     -8.994132
000772     -8.994132
000773     -8.994132
000774     -8.994132
000775     -8.994132
000776     -8.994132
000777     -8.994132
000778     -8.994132
000779     -8.994132
000780     -8.994132
000781     -8.994132
000782     -8.994132
000783     -8.994132
000784     -8.994132
000785     -8.994132
000786     -8.994132
000787     -8.994132
000788     -8.994132
000789     -8.994132
000790     -8.994132
000791     -8.994132
000792     -8.994132
000793     -8.994132
000794     -8.994132
000795     -8.994132
000796     -8.994132
000797     -8.994132
000798     -8.994132
000799     -8.994132
000800     -8.994132
000801     -8.994132
000802     -8.994132
000803     -8.994132
000804     -8.994132
000805     -8.994132
000806     -8.994132
000807     -8.994132
000808     -6.367809
000809     -6.367809
000810     -6.367809
000811     -6.367809
000812     -6.367809
000813     -6.367809
000814     -6.367809
000815     -6.367809
000816     -6.367809
000817     -6.367809
000818     -6.367809
000819     -6.367809
000820     -6.367809
000821     -6.367809
000822     -6.367809
000823     -6.367809
000824     -6.367809
000825     -6.367809
000826     -6.367809
000827     -6.367809
000828     -6.367809
000829     -6.367809
000830     -6.367809
000831     -6.367809
000832     -6.367809
000833     -6.367809
000834     -6.367809
000835     -6.367809
000836     -6.367809
000837     -6.367809
000838     -6.367809
000839     -6.367809
000840     -6.367809
000841     -6.367809
000842     -6.367809
000843     -6.367809
000844     -6.367809
000845     -6.367809
000846     -6.367809
000847     -6.367809
000848     -6.367809
000849     -6.367809
000850     -6.367809
000851     -6.367809
000852     -6.367809
000853     -6.367809
000854     -6.367809
000855     -6.367809
000856     -6.367809
000857     -6.367809
000858     -6.367809
000859     -6.367809
000860     -6.367809
000861     -6.367809
000862     -6.367809
000863     -6.367809
000864     -6.367809
000865     -6.367809
000866     -6.367809
000867     -6.367809
000868     -6.367809
000869     -6.367809
000870     -6.367809
000871     -6.367809
000872     -6.367809
000873     -6.367809
000874     -6.367809
000875     -6.367809
000876     -6.367809
000877     -6.367809
000878     -6.367809
000879     -6.367809
000880     -6.367809
000881     -6.367809
000882     -6.367809
000883     -6.367809
000884     -6.367809
000885     -6.367809
000886     -6.367809
000887     -6.367809
000888     -6.367809
000889     -6.367809
000890     -6.367809
000891     -6.367809
000892     -6.367809
000893     -6.367809
000894     -6.367809
000895     -6.367809
000896     -6.367809
000897     -6.367809
000898     -6.367809
000899     -6.367809
000900     -6.367809
000901     -6.367809
000902     -6.367809
000903     -6.367809
000904     -6.367809
000905     -6.367809
000906     -6.367809
000907     -6.367809
000908     -6.367809
000909     -6.367809
000910     -6.367809
000911     -6.367809
000912     -6.367809
000913     -6.367809
000914     -6.367809
000915     -6.367809
000916     -6.367809
000917     -6.367809
000918     -6.367809
000919     -6.367809
000920     -6.367809
000921     -6.367809
000922     -3.810717
000923     -3.810717
000924     -3.810717
000925     -3.810717
000926     -3.810717
000927     -3.810717
000928     -3.810717
000929     -3.810717
000930     -3.810717
000931     -3.810717
000932     -3.810717
000933     -3.810717
000934     -3.810717
000935     -3.810717
000936     -3.810717
000937     -3.810717
000938     -3.810717
000939     -3.810717
000940     -3.810717
000941     -3.810717
000942     -3.810717
000943     -3.810717
000944     -3.810717
000945     -3.810717
000946     -3.810717
000947     -3.810717
000948     -3.810717
000949     -3.810717
000950     -3.810717
000951     -3.810717
000952     -3.810717
000953     -3.810717
000954     -3.810717
000955     -3.810717
000956     -3.810717
000957     -3.810717
000958     -3.810717
000959     -3.810717
000960     -3.810717
000961     -3.810717
000962     -3.810717
000963     -3.810717
000964     -3.810717
000965     -3.810717
000966     -3.810717
000967     -3.810717
000968     -3.810717
000969     -3.810717
000970     -3.810717
000971     -3.810717
000972     -3.810717
000973     -3.810717
000974     -3.810717
000975     -3.810717
000976     -3.810717
000977     -3.810717
000978     -3.810717
000979     -3.810717
000980     -3.810717
000981     -3.810717
000982     -3.810717
000983     -3.810717
000984     -3.810717
000985     -3.810717
000986     -3.810717
000987     -3.810717
000988     -3.810717
000989     -3.810717
000990     -3.810717
000991     -3.810717
000992     -3.810717
000993     -3.810717
000994     -3.810717
000995     -3.810717
000996     -3.810717
000997     -3.810717
000998     -3.810717
000999     -3.810717
001000     -3.810717
001001     -3.810717
001002     -3.810717
001003     -3.810717
001004     -3.810717
001005     -3.810717
001006     -3.810717
001007     -3.810717
001008     -3.810717
001009     -3.810717
001010     -3.810717
001011     -3.810717
001012     -3.810717
001013     -3.810717
001014     -3.810717
001015     -3.810717
001016     -3.810717
001017     -3.810717
001018     -3.810717
001019     -3.810717
001020     -3.810717
001021     -3.810717
001022     -3.810717
001023     -3.810717
001024     -3.810717
001025     -3.810717
001026     -3.810717
001027     -3.810717
001028     -3.810717
001029     -3.810717
001030     -3.810717
001031     -3.810717
001032     -3.810717
001033     -3.810717
001034     -3.810717
001035     -3.810717
001036     -3.810717
001037     -3.810717
001038     -3.810717
001039     -3.810717
001040     -3.810717
001041     -3.810717
001042     -3.810717
001043     -3.810717
001044     -3.810717
001045     -3.810717
001046     -3.810717
001047     -3.810717
001048     -3.810717
001049     -3.810717
001050     -3.810717
001051     -3.810717
001052     -3.810717
001053     -3.810717
001054     -3.810717
001055     -3.810717
001056     -3.810717
001057     -3.810717
001058     -3.810717
001059     -3.810717
001060     -3.810717
001061     -3.810717
001062     -3.810717
001063     -3.810717
001064     -3.810717
001065     -3.810717
001066     -3.810717
001067     -3.810717
001068     -3.810717
001069     -3.810717
001070     -3.810717
001071     -3.810717
001072     -3.810717
001073     -3.810717
001074     -3.810717
001075     -3.810717
001076     -3.810717
001077     -3.810717
001078     -3.810717
001079     -3.810717
001080     -3.810717
001081     -3.810717
001082     -3.810717
001083     -3.810717
001084     -3.810717
001085     -3.810717
001086     -3.810717
001087     -3.810717
001088     -3.810717
001089     -3.810717
001090     -3.810717
001091     -3.810717
001092     -0.228915
001093     -0.228915
001094     -0.228915
001095     -0.228915
001096     -0.228915
001097     -0.228915
001098     -0.228915
001099     -0.228915
001100     -0.228915
001101     -0.228915
001102     -0.228915
001103     -0.228915
001104     -0.228915
001105     -0.228915
001106     -0.228915
001107     -0.228915
001108     -0.228915
001109     -0.228915
001110     -0.228915
001111     -0.228915
001112     -0.228915
001113     -0.228915
001114     -0.228915
001115     -0.228915
001116     -0.228915
001117     -0.228915
001118     -0.228915
001119     -0.228915
001120     -0.228915
001121     -0.228915
001122     -0.228915
001123     -0.228915
001124     -0.228915
001125     -0.228915
001126     -0.228915
001127     -0.228915
001128     -0.228915
001129     -0.228915
001130     -0.228915
001131     -0.228915
001132     -0.228915
001133     -0.228915
001134     -0.228915
001135     -0.228915
001136     -0.228915
001137     -0.228915
001138     -0.228915
001139     -0.228915
001140     -0.228915
001141     -0.228915
001142     -0.228915
001143     -0.228915
001144     -0.228915
001145     -0.228915
001146     -0.228915
001147     -0.228915
001148     -0.228915
001149     -0.228915
001150     -0.228915
001151     -0.228915
001152     -0.228915
001153     -0.228915
001154     -0.228915
001155     -0.228915
001156     -0.228915
001157     -0.228915
001158     -0.228915
001159     -0.228915
001160     -0.228915
001161     -0.228915
001162     -0.228915
001163     -0.228915
001164     -0.228915
001165     -0.228915
001166     -0.228915
001167     -0.228915
001168     -0.228915
001169     -0.228915
001170     -0.228915
001171     -0.228915
001172     -0.228915
001173     -0.228915
001174     -0.228915
001175     -0.228915
001176     -0.228915
001177     -0.228915
001178     -0.228915
001179     -0.228915
001180     -0.228915
001181     -0.228915
001182     -0.228915
001183     -0.228915
001184     -0.228915
001185     -0.228915
001186     -0.228915
001187     -0.228915
001188     -0.228915
001189     -0.228915
001190     -0.228915
001191     -0.228915
001192     -0.228915
001193     -0.228915
001194     -0.228915
001195     -0.228915
001196     -0.228915
001197     -0.228915
001198     -0.228915
001199     -0.228915
001200     -0.228915
001201     -0.228915
001202     -0.228915
001203     -0.228915
001204     -0.228915
001205     -0.228915
001206     -0.228915
001207     -0.228915
001208     -0.228915
001209     -0.228915
001210     -0.228915
001211     -0.228915
001212     -0.228915
001213     -0.228915
001214     -0.228915
001215     -0.228915
001216     -0.228915
001217     -0.228915
001218     -0.228915
001219     -0.228915
001220     -0.228915
001221     -0.228915
001222     -0.228915
001223     -0.228915
001224     -0.228915
001225     -0.228915
001226     -0.228915
001227     -0.228915
001228     -0.228915
001229     -0.228915
001230     -0.228915
001231     -0.228915
001232     -0.228915
001233     -0.228915
001234     -0.228915
001235     -0.228915
001236     -0.228915
001237     -0.228915
001238     -0.228915
001239     -0.228915
001240     -0.228915
001241     -0.228915
001242     -0.228915
001243     -0.228915
001244     -0.228915
001245     -0.228915
001246     -0.228915
001247     -0.228915
001248     -0.228915
001249     -0.228915
001250     -0.228915
001251     -0.228915
001252     -0.228915
001253     -0.228915
001254     -0.228915
001255     -0.228915
001256     -0.228915
001257     -0.228915
001258     -0.228915
001259     -0.228915
001260     -0.228915
001261     -0.228915
001262     -0.228915
001263     -0.228915
001264     -0.228915
001265     -0.228915
001266     -0.228915
001267     -0.228915
001268     -0.228915
001269     -0.228915
001270     -0.228915
001271     -0.228915
001272     -0.228915
001273     -0.228915
001274     -0.228915
001275     -0.228915
001276     -0.228915
001277     -0.228915
001278     -0.228915
001279     -0.228915
001280     -0.228915
001281     -0.228915
001282     -0.228915
001283     -0.228915
001284     -0.228915
001285     -0.228915
001286     -0.228915
001287     -0.228915
001288     -0.228915
001289     -0.228915
001290     -0.228915
001291     -0.228915
001292     -0.228915
001293     -0.228915
001294     -0.228915
001295     -0.228915
001296     -0.228915
001297     -0.228915
001298     -0.228915
001299     -0.228915
001300     -0.228915
001301     -0.228915
001302     -0.228915
001303     -0.228915
001304     -0.228915
001305     -0.228915
001306     -0.228915
001307     -0.228915
001308     -0.228915
001309     -0.228915
001310     -0.228915
001311     -0.228915
001312     -0.228915
001313     -0.228915
001314     -0.228915
001315     -0.228915
001316     -0.228915
001317     -0.228915
001318     -0.228915
001319     -0.228915
001320     -0.228915
001321     -0.228915
001322     -0.228915
001323     -0.228915
001324     -0.228915
001325     -0.228915
001326     -0.228915
001327     -0.228915
001328     -0.228915
001329     -0.228915
001330     -0.228915
001331     -0.228915
001332     -0.228915
001333     -0.228915
001334     -0.228915
001335     -0.228915
001336     -0.228915
001337     -0.228915
001338     -0.228915
001339     -0.228915
001340     -0.228915
001341     -0.228915
001342     -0.228915
001343     -0.228915
001344     -0.228915
001345     -0.228915
001346     -0.228915
001347     -0.228915
001348     -0.228915
001349     -0.228915
001350     -0.228915
001351     -0.228915
001352     -0.228915
001353     -0.228915
001354     -0.228915
001355     -0.228915
001356     -0.228915
001357     -0.228915
001358     -0.228915
001359     -0.228915
001360     -0.228915
001361     -0.228915
001362     -0.228915
001363     -0.228915
001364     -0.228915
001365     -0.228915
001366     -0.228915
001367     -0.228915
001368     -0.228915
001369     -0.228915
001370     -0.228915
001371     -0.228915
001372     -0.228915
001373     -0.228915
001374     -0.228915
001375     -0.228915
001376     -0.228915
001377     -0.228915
001378     -0.228915
001379     -0.228915
001380     -0.228915
001381     -0.228915
001382     -0.228915
001383     -0.228915
001384     -0.228915
001385     -0.228915
001386     -0.228915
001387     -0.228915
001388     -0.228915
001389     -0.228915
001390     -0.228915
001391     -0.228915
001392     -0.228915
001393     -0.228915
001394     -0.228915
001395     -0.228915
001396     -0.228915
001397     -0.228915
001398     -0.228915
001399     -0.228915
001400     -0.228915
001401     -0.228915
001402     -0.228915
001403     -0.228915
001404     -0.228915
001405     -0.228915
001406     -0.228915
001407     -0.228915
001408     -0.228915
001409     -0.228915
001410     -0.228915
001411     -0.228915
001412     -0.228915
001413     -0.228915
001414     -0.228915
001415     -0.228915
001416     -0.228915
001417     -0.228915
001418     -0.228915
001419     -0.228915
001420     -0.228915
001421     -0.228915
001422     -0.228915
001423     -0.228915
001424     -0.228915
001425     -0.228915
001426     -0.228915
001427     -0.228915
001428     -0.228915
001429     -0.228915
001430     -0.228915
001431     -0.228915
001432     -0.228915
001433     -0.228915
001434     -0.228915
001435     -0.228915
001436     -0.228915
001437     -0.228915
001438     -0.228915
001439     -0.228915
001440     -0.228915
001441     -0.228915
001442     -0.228915
001443     -0.228915
001444     -0.228915
001445     -0.228915
001446     -0.228915
001447     -0.228915
001448     -0.228915
001449     -0.228915
001450     -0.228915
001451     -0.228915
001452     -0.228915
001453     -0.228915
001454     -0.228915
001455     -0.228915
001456     -0.228915
001457     -0.228915
001458     -0.228915
001459     -0.228915
001460     -0.228915
001461     -0.228915
001462     -0.228915
001463     -0.228915
001464     -0.228915
001465     -0.228915
001466     -0.228915
001467     -0.228915
001468     -0.228915
001469     -0.228915
001470     -0.228915
001471     -0.228915
001472     -0.228915
001473     -0.228915
001474     -0.228915
001475     -0.228915
001476     -0.228915
001477     -0.228915
001478     -0.228915
001479     -0.228915
001480     -0.228915
001481     -0.228915
001482     -0.228915
001483     -0.228915
001484     -0.228915
001485     -0.228915
001486     -0.228915
001487     -0.228915
001488     -0.228915
001489     -0.228915
001490     -0.228915
001491     -0.228915
001492     -0.228915
001493     -0.228915
001494     -0.228915
001495     -0.228915
001496     -0.228915
001497     -0.228915
001498     -0.228915
001499     -0.228915
001500     -0.228915
001501     -0.228915
001502     -0.228915
001503     -0.228915
001504     -0.228915
001505     -0.228915
001506     -0.228915
001507     -0.228915
001508     -0.228915
001509     -0.228915
001510     -0.228915
001511     -0.228915
001512     -0.228915
001513     -0.228915
001514     -0.228915
001515     -0.228915
001516     -0.228915
001517     -0.228915
001518     -0.228915
001519     -0.228915
001520     -0.228915
001521     -0.228915
001522     -0.228915
001523     -0.228915
001524     -0.228915
001525     -0.228915
001526     -0.228915
001527     -0.228915
001528     -0.228915
001529     -0.228915
001530     -0.228915
001531     -0.228915
001532     -0.228915
001533     -0.228915
001534     -0.228915
001535     -0.228915
001536     -0.228915
001537     -0.228915
001538     -0.228915
001539     -0.228915
001540     -0.228915
001541     -0.228915
001542     -0.228915
001543     -0.228915
001544     -0.228915
001545     -0.228915
001546     -0.228915
001547     -0.228915
001548     -0.228915
001549     -0.228915
001550     -0.228915
001551     -0.228915
001552     -0.228915
001553     -0.228915
001554     -0.228915
001555     -0.228915
001556     -0.228915
001557     -0.228915
001558     -0.228915
001559     -0.228915
001560     -0.228915
001561     -0.228915
001562     -0.228915
001563     -0.228915
001564     -0.228915
001565     -0.228915
001566     -0.228915
001567     -0.228915
001568     -0.228915
001569     -0.228915
001570     -0.228915
001571     -0.228915
001572     -0.228915
001573     -0.228915
001574     -0.228915
001575     -0.228915
001576     -0.228915
001577     -0.228915
001578     -0.228915
001579     -0.228915
001580     -0.228915
001581     -0.228915
001582     -0.228915
001583     -0.228915
001584     -0.228915
001585     -0.228915
001586     -0.228915
001587     -0.228915
001588     -0.228915
001589     -0.228915
001590     -0.228915
001591     -0.228915
001592     -0.228915
001593     -0.228915
001594     -0.228915
001595     -0.228915
001596     -0.228915
001597     -0.228915
001598     -0.228915
001599     -0.228915
001600     -0.228915
001601     -0.228915
001602     -0.228915
001603     -0.228915
001604     -0.228915
001605     -0.228915
001606     -0.228915
001607     -0.228915
001608     -0.228915
001609     -0.228915
001610     -0.228915
001611     -0.228915
001612     -0.228915
001613     -0.228915
001614     -0.228915
001615     -0.228915
001616     -0.228915
001617     -0.228915
001618     -0.228915
001619     -0.228915
001620     -0.228915
001621     -0.228915
001622     -0.228915
001623     -0.228915
001624     -0.228915
001625     -0.228915
001626     -0.228915
001627     -0.228915
001628     -0.228915
001629     -0.228915
001630     -0.228915
001631     -0.228915
001632     -0.228915
001633     -0.228915
001634     -0.228915
001635     -0.228915
001636     -0.228915
001637     -0.228915
001638     -0.228915
001639     -0.228915
001640     -0.228915
001641     -0.228915
001642     -0.228915
001643     -0.228915
001644     -0.228915
001645     -0.228915
001646     -0.228915
001647     -0.072037
001648     -0.072037
001649     -0.072037
001650     -0.072037
001651     -0.072037
001652     -0.072037
001653     -0.072037
001654     -0.072037
001655     -0.072037
001656     -0.072037
001657     -0.072037
001658     -0.072037
001659     -0.072037
001660     -0.072037
001661     -0.072037
001662     -0.072037
001663     -0.072037
001664     -0.072037
001665     -0.072037
001666     -0.072037
001667     -0.072037
001668     -0.072037
001669     -0.072037
001670     -0.072037
001671     -0.072037
001672     -0.072037
001673     -0.072037
001674     -0.072037
001675     -0.072037
001676     -0.072037
001677     -0.072037
001678     -0.072037
001679     -0.072037
001680     -0.072037
001681     -0.072037
001682     -0.072037
001683     -0.072037
001684     -0.072037
001685     -0.072037
001686     -0.072037
001687     -0.072037
001688     -0.072037
001689     -0.072037
001690     -0.072037
001691     -0.072037
001692     -0.072037
001693     -0.072037
001694     -0.072037
001695     -0.072037
001696     -0.072037
001697     -0.072037
001698     -0.072037
001699     -0.072037
001700     -0.072037
001701     -0.072037
001702     -0.072037
001703     -0.072037
001704     -0.072037
001705     -0.072037
001706     -0.072037
001707     -0.072037
001708     -0.072037
001709     -0.072037
001710     -0.072037
001711     -0.072037
001712     -0.072037
001713     -0.072037
001714     -0.072037
001715     -0.072037
001716     -0.072037
001717     -0.072037
001718     -0.072037
001719     -0.072037
001720     -0.072037
001721     -0.072037
001722     -0.072037
001723     -0.072037
001724     -0.072037
001725     -0.072037
001726     -0.072037
001727     -0.072037
001728     -0.072037
001729     -0.072037
001730     -0.072037
001731     -0.072037
001732     -0.072037
001733     -0.072037
001734     -0.072037
001735     -0.072037
001736     -0.072037
001737     -0.072037
001738     -0.072037
001739     -0.072037
001740     -0.072037
001741     -0.072037
001742     -0.072037
001743     -0.072037
001744     -0.072037
001745     -0.072037
001746     -0.072037
001747     -0.072037
001748     -0.072037
001749     -0.072037
001750     -0.072037
001751     -0.072037
001752     -0.072037
001753     -0.072037
001754     -0.072037
001755     -0.072037
001756     -0.072037
001757     -0.072037
001758     -0.072037
001759     -0.072037
001760     -0.072037
001761     -0.072037
001762     -0.072037
001763     -0.072037
001764     -0.072037
001765     -0.072037
001766     -0.072037
001767     -0.072037
001768     -0.072037
001769     -0.072037
001770     -0.072037
001771     -0.072037
001772     -0.072037
001773     -0.072037
001774     -0.072037
001775     -0.072037
001776     -0.072037
001777     -0.072037
001778     -0.072037
001779     -0.072037
001780     -0.072037
001781     -0.072037
001782     -0.072037
001783     -0.072037
001784     -0.072037
001785     -0.072037
001786     -0.072037
001787     -0.072037
001788     -0.072037
001789     -0.072037
001790     -0.072037
001791     -0.072037
001792     -0.072037
001793     -0.072037
001794     -0.072037
001795     -0.072037
001796     -0.072037
001797     -0.072037
001798     -0.072037
001799     -0.072037
001800     -0.072037
001801     -0.072037
001802     -0.072037
001803     -0.072037
001804     -0.072037
001805     -0.072037
001806     -0.072037
001807     -0.072037
001808     -0.072037
001809     -0.072037
001810     -0.072037
001811     -0.072037
001812     -0.072037
001813     -0.072037
001814     -0.072037
001815     -0.072037
001816     -0.072037
001817     -0.072037
001818     -0.072037
001819     -0.072037
001820     -0.072037
001821     -0.072037
001822     -0.072037
001823     -0.072037
001824     -0.072037
001825     -0.072037
001826     -0.072037
001827     -0.072037
001828     -0.072037
001829     -0.072037
001830     -0.072037
001831     -0.072037
001832     -0.072037
001833     -0.072037
001834     -0.072037
001835     -0.072037
001836     -0.072037
001837     -0.072037
001838     -0.072037
001839     -0.072037
001840     -0.072037
001841     -0.072037
001842     -0.072037
001843     -0.072037
001844     -0.072037
001845     -0.072037
001846     -0.072037
001847     -0.072037
001848     -0.072037
001849     -0.072037
001850     -0.072037
001851     -0.072037
001852     -0.072037
001853     -0.072037
001854     -0.072037
001855     -0.072037
001856     -0.072037
001857     -0.072037
001858     -0.072037
001859     -0.072037
001860     -0.072037
001861     -0.072037
001862     -0.072037
001863     -0.072037
001864     -0.072037
001865     -0.072037
001866     -0.072037
001867     -0.072037
001868     -0.072037
001869     -0.072037
001870     -0.072037
001871     -0.072037
001872     -0.072037
001873     -0.072037
001874     -0.072037
001875     -0.072037
001876     -0.072037
001877     -0.072037
001878     -0.072037
001879     -0.072037
001880     -0.072037
001881     -0.072037
001882     -0.072037
001883     -0.072037
001884     -0.072037
001885     -0.072037
001886     -0.072037
001887     -0.072037
001888     -0.072037
001889     -0.072037
001890     -0.072037
001891     -0.072037
001892     -0.072037
001893     -0.072037
001894     -0.072037
001895     -0.072037
001896     -0.072037
001897     -0.072037
001898     -0.072037
001899     -0.072037
001900     -0.072037
001901     -0.072037
001902     -0.072037
001903     -0.072037
001904     -0.072037
001905     -0.072037
001906     -0.072037
001907     -0.072037
001908     -0.072037
001909     -0.072037
001910     -0.072037
001911     -0.072037
001912     -0.072037
001913     -0.072037
001914     -0.072037
001915     -0.072037
001916     -0.072037
001917     -0.072037
001918     -0.072037
001919     -0.072037
001920     -0.072037
001921     -0.072037
001922     -0.072037
001923     -0.072037
001924     -0.072037
001925     -0.072037
001926     -0.072037
001927     -0.072037
001928     -0.072037
001929     -0.072037
001930     -0.072037
001931     -0.072037
001932     -0.072037
001933     -0.072037
001934     -0.072037
001935     -0.072037
001936     -0.072037
001937     -0.072037
001938     -0.072037
001939     -0.072037
001940     -0.072037
001941     -0.072037
001942     -0.072037
001943     -0.072037
001944     -0.072037
001945     -0.072037
001946     -0.072037
001947     -0.072037
001948     -0.072037
001949     -0.072037
001950     -0.072037
001951     -0.072037
001952     -0.072037
001953     -0.072037
001954     -0.072037
001955     -0.072037
001956     -0.072037
001957     -0.072037
001958     -0.072037
001959     -0.072037
001960     -0.072037
001961     -0.072037
001962     -0.072037
001963     -0.072037
001964     -0.072037
001965     -0.072037
001966     -0.072037
001967     -0.072037
001968     -0.072037
001969     -0.072037
001970     -0.072037
001971     -0.072037
001972     -0.072037
001973     -0.072037
001974     -0.072037
001975     -0.072037
001976     -0.072037
001977     -0.072037
001978     -0.072037
001979     -0.072037
001980     -0.072037
001981     -0.072037
001982     -0.072037
001983     -0.072037
001984     -0.072037
001985     -0.072037
001986     -0.072037
001987     -0.072037
001988     -0.072037
001989     -0.072037
001990     -0.072037
001991     -0.072037
001992     -0.072037
001993     -0.072037
001994     -0.072037
001995     -0.072037
001996     -0.072037
001997     -0.072037
001998     -0.072037
001999     -0.072037
002000     -0.072037
